MEMORY
  total            15.9 MB
  struct          159.2 KB
  buffer          798.7 KB
  arena            15.0 MB, used 0.2%

SIZES
  narena                15728640
  nbuffer               817888
  nplugin               0
  maxuse_stack          6208
  maxuse_arena          30656
  maxuse_con            0
  maxuse_efc            0
  ncon                  0
  ne                    0
  nf                    0
  nl                    0
  nefc                  0
  nJ                    0
  nA                    0
  nisland               0
  nidof                 0
  threadpool            0

TIMER
    0:  duration =  0          number = 0
    1:  duration =  0.75       number = 15
    2:  duration =  0          number = 0
    3:  duration =  0.73       number = 15
    4:  duration =  0.014      number = 15
    5:  duration =  0          number = 0
    6:  duration =  0.00052    number = 15
    7:  duration =  0          number = 0
    8:  duration =  0.088      number = 15
    9:  duration =  0.04       number = 15
    10:  duration =  0.59       number = 15
    11:  duration =  0.0047     number = 15
    12:  duration =  0.00044    number = 15
    13:  duration =  0.03       number = 15
    14:  duration =  0.25       number = 15

ENERGY =   0         0       

TIME =  0       

QPOS
   0       
   0       
   0       
   0       
   0       
   0       
   0       
   0       
   0       
   0       
   0       
   0       
   0       
   0       
   0       
   0       
   0       
   0       
   0       
   0       
   0       
   0       
   0       
   0       
   0       
   0       
   0       
   0       
   0       

QVEL
   0       
   0       
   0       
   0       
   0       
   0       
   0       
   0       
   0       
   0       
   0       
   0       
   0       
   0       
   0       
   0       
   0       
   0       
   0       
   0       
   0       
   0       
   0       
   0       
   0       
   0       
   0       
   0       
   0       

QACC_WARMSTART
   3.4     
   0.68    
   2.7     
  -11      
   71      
  -4.2     
   3.4     
  -0.68    
  -2.7     
  -11      
   71      
   4.1     
   0.04    
  -0.09    
   1.2     
  -1.2     
  -3.1     
   4.5     
   86      
  -0.53    
  -1.1e+02 
  -11      
  -1.1     
   2.8     
  -3.6     
   87      
  -4.3     
  -1.1e+02 
   0.14    

QFRC_APPLIED
   0       
   0       
   0       
   0       
   0       
   0       
   0       
   0       
   0       
   0       
   0       
   0       
   0       
   0       
   0       
   0       
   0       
   0       
   0       
   0       
   0       
   0       
   0       
   0       
   0       
   0       
   0       
   0       
   0       

XFRC_APPLIED
   0         0         0         0         0         0       
   0         0         0         0         0         0       
   0         0         0         0         0         0       
   0         0         0         0         0         0       
   0         0         0         0         0         0       
   0         0         0         0         0         0       
   0         0         0         0         0         0       
   0         0         0         0         0         0       
   0         0         0         0         0         0       
   0         0         0         0         0         0       
   0         0         0         0         0         0       
   0         0         0         0         0         0       
   0         0         0         0         0         0       
   0         0         0         0         0         0       
   0         0         0         0         0         0       
   0         0         0         0         0         0       
   0         0         0         0         0         0       
   0         0         0         0         0         0       
   0         0         0         0         0         0       
   0         0         0         0         0         0       
   0         0         0         0         0         0       
   0         0         0         0         0         0       
   0         0         0         0         0         0       
   0         0         0         0         0         0       
   0         0         0         0         0         0       
   0         0         0         0         0         0       
   0         0         0         0         0         0       
   0         0         0         0         0         0       
   0         0         0         0         0         0       
   0         0         0         0         0         0       

QACC
   3.4     
   0.68    
   2.7     
  -11      
   71      
  -4.2     
   3.4     
  -0.68    
  -2.7     
  -11      
   71      
   4.1     
   0.04    
  -0.09    
   1.2     
  -1.2     
  -3.1     
   4.5     
   86      
  -0.53    
  -1.1e+02 
  -11      
  -1.1     
   2.8     
  -3.6     
   87      
  -4.3     
  -1.1e+02 
   0.14    

XPOS
   0         0         0       
   0         0.064    -0.1     
   0         0.12     -0.13    
   0.046     0.12     -0.25    
  -2.3e-06   0.12     -0.44    
  -2.3e-06   0.12     -0.74    
  -2.3e-06   0.12     -0.76    
   0        -0.064    -0.1     
   0        -0.12     -0.13    
   0.046    -0.12     -0.25    
  -2.3e-06  -0.12     -0.44    
  -2.3e-06  -0.12     -0.74    
  -2.3e-06  -0.12     -0.76    
   0         0         0       
  -0.004     0         0.035   
  -0.004     0         0.054   
  -7.2e-06   0.1       0.29    
   3.7e-07   0.14      0.29    
  -4.1e-06   0.15      0.19    
   0.016     0.15      0.11    
   0.12      0.15      0.095   
   0.15      0.15      0.095   
   0.2       0.15      0.095   
  -7.2e-06  -0.1       0.29    
   3.7e-07  -0.14      0.29    
  -4.1e-06  -0.15      0.19    
   0.016    -0.15      0.11    
   0.12     -0.15      0.095   
   0.15     -0.15      0.095   
   0.2      -0.15      0.095   

XQUAT
   1         0         0         0       
   1         0         0         0       
   1         0        -0.087     0       
   1         0        -0.087     0       
   1         0         0         0       
   1         0         0         0       
   1         0         0         0       
   1         0         0         0       
   1         0        -0.087     0       
   1         0        -0.087     0       
   1         0         0         0       
   1         0         0         0       
   1         0         0         0       
   1         0         0         0       
   1         0         0         0       
   1         0         0         0       
   0.99      0.14      1.4e-05  -9.9e-05 
   1         3e-05     2.7e-05  -9.6e-05 
   1         3e-05     2.7e-05  -9.6e-05 
   1         3e-05     2.7e-05  -9.6e-05 
   1         3e-05     2.7e-05  -9.6e-05 
   1         3e-05     2.7e-05  -9.6e-05 
   1         3e-05     2.7e-05  -9.6e-05 
   0.99     -0.14      1.4e-05   9.9e-05 
   1        -3e-05     2.7e-05   9.6e-05 
   1        -3e-05     2.7e-05   9.6e-05 
   1        -3e-05     2.7e-05   9.6e-05 
   1        -3e-05     2.7e-05   9.6e-05 
   1        -3e-05     2.7e-05   9.6e-05 
   1        -3e-05     2.7e-05   9.6e-05 

XMAT
   1         0         0         0         1         0         0         0         1       
   1         0         0         0         1         0         0         0         1       
   0.98     -0        -0.17      0         1        -0         0.17      0         0.98    
   0.98     -0        -0.17      0         1        -0         0.17      0         0.98    
   1         0         0         0         1         0         0         0         1       
   1         0         0         0         1         0         0         0         1       
   1         0         0         0         1         0         0         0         1       
   1         0         0         0         1         0         0         0         1       
   0.98     -0        -0.17      0         1        -0         0.17      0         0.98    
   0.98     -0        -0.17      0         1        -0         0.17      0         0.98    
   1         0         0         0         1         0         0         0         1       
   1         0         0         0         1         0         0         0         1       
   1         0         0         0         1         0         0         0         1       
   1         0         0         0         1         0         0         0         1       
   1         0         0         0         1         0         0         0         1       
   1         0         0         0         1         0         0         0         1       
   1         0.0002   -4.2e-10  -0.00019   0.96     -0.28     -5.5e-05   0.28      0.96    
   1         0.00019   5.5e-05  -0.00019   1        -6e-05    -5.5e-05   6e-05     1       
   1         0.00019   5.5e-05  -0.00019   1        -6e-05    -5.5e-05   6e-05     1       
   1         0.00019   5.5e-05  -0.00019   1        -6e-05    -5.5e-05   6e-05     1       
   1         0.00019   5.5e-05  -0.00019   1        -6e-05    -5.5e-05   6e-05     1       
   1         0.00019   5.5e-05  -0.00019   1        -6e-05    -5.5e-05   6e-05     1       
   1         0.00019   5.5e-05  -0.00019   1        -6e-05    -5.5e-05   6e-05     1       
   1        -0.0002   -4.2e-10   0.00019   0.96      0.28     -5.5e-05  -0.28      0.96    
   1        -0.00019   5.5e-05   0.00019   1         6e-05    -5.5e-05  -6e-05     1       
   1        -0.00019   5.5e-05   0.00019   1         6e-05    -5.5e-05  -6e-05     1       
   1        -0.00019   5.5e-05   0.00019   1         6e-05    -5.5e-05  -6e-05     1       
   1        -0.00019   5.5e-05   0.00019   1         6e-05    -5.5e-05  -6e-05     1       
   1        -0.00019   5.5e-05   0.00019   1         6e-05    -5.5e-05  -6e-05     1       
   1        -0.00019   5.5e-05   0.00019   1         6e-05    -5.5e-05  -6e-05     1       

XIPOS
   0         0         0       
   0.0027    0.11     -0.13    
   0.045     0.12     -0.21    
   0.016     0.11     -0.41    
   0.0055    0.12     -0.56    
  -0.0073    0.12     -0.73    
   0.027     0.12     -0.77    
   0.0027   -0.11     -0.13    
   0.045    -0.12     -0.21    
   0.016    -0.11     -0.41    
   0.0055   -0.12     -0.56    
  -0.0073   -0.12     -0.73    
   0.027    -0.12     -0.77    
   0.004     0         0.019   
  -0.004    -0.00024   0.045   
  -0.0013    0.00068   0.23    
  -4.6e-08   0.14      0.29    
  -0.00023   0.15      0.23    
   0.011     0.14      0.11    
   0.081     0.15      0.095   
   0.13      0.15      0.095   
   0.18      0.15      0.094   
   0.25      0.17      0.1     
  -4.6e-08  -0.14      0.29    
  -0.00023  -0.15      0.23    
   0.011    -0.14      0.11    
   0.081    -0.15      0.095   
   0.13     -0.15      0.095   
   0.18     -0.15      0.094   
   0.24     -0.12      0.094   

XIMAT
   1         0         0         0         1         0         0         0         1       
   1        -0.04      0.075     0.075     0.83     -0.56     -0.04      0.56      0.83    
   0.97      0.081     0.24     -0.079     1        -0.017    -0.24     -0.0026    0.97    
  -0.22     -0.91      0.35      0.97     -0.18      0.15     -0.07      0.37      0.93    
   0.71     -0.71      0.0042    0.7       0.71      0.073    -0.054    -0.048     1       
   0        -0.45      0.89      1         0         0         0         0.89      0.45    
   0.061    -0.00024   1        -0.0016   -1        -0.00015   1        -0.0015   -0.061   
   1         0.04      0.075    -0.075     0.83      0.56     -0.04     -0.56      0.83    
   0.97     -0.081     0.24      0.079     1         0.017    -0.24      0.0026    0.97    
   0.22     -0.91      0.35      0.97      0.18     -0.15      0.07      0.37      0.93    
   0.71      0.71     -0.0049   -0.7       0.71     -0.073    -0.048     0.055     1       
   0        -0.45      0.89      1         0         0         0         0.89      0.45    
   0.061     0.00024   1         0.0016   -1         0.00015   1         0.0015   -0.061   
  -0.21      0.063     0.98      0.0078   -1         0.066     0.98      0.021     0.21    
   1         0         0         0         1        -0.041     0         0.041     1       
   1         0.0059    0.022    -0.0062    1         0.01     -0.022    -0.01      1       
  -0.14     -0.9      -0.41      0.73      0.18     -0.66      0.67     -0.39      0.63    
  -0.016    -1        -0.038     1        -0.016     0.017    -0.018    -0.038     1       
   0.047    -0.97     -0.23      1         0.037     0.045    -0.035    -0.23      0.97    
   0.4       0.074     0.92      0.92     -0.11     -0.39      0.073     0.99     -0.11    
   0.001    -0.95     -0.32     -0.00036   0.32     -0.95      1         0.0011   -1.4e-05 
  -2.7e-05   0.066     1         0.71     -0.7       0.046     0.7       0.71     -0.047   
  -0.18     -0.13      0.97      0.92      0.32      0.22     -0.35      0.94      0.061   
   0.14     -0.9      -0.41      0.73     -0.18      0.66     -0.67     -0.39      0.63    
   0.016    -1        -0.038     1         0.016    -0.017     0.018    -0.038     1       
  -0.047    -0.97     -0.23      1        -0.037    -0.045     0.035    -0.23      0.97    
  -0.4       0.074     0.92      0.92      0.11      0.39     -0.073     0.99     -0.11    
   0.001    -0.95      0.32      0.00036  -0.32     -0.95      1         0.0011    1.4e-05 
   2.7e-05   0.066     1         0.71      0.7      -0.046    -0.7       0.71     -0.047   
  -0.49      0.037     0.87      0.87      0.031     0.49     -0.0088    1        -0.047   

XANCHOR
   0         0.064    -0.1     
   0         0.12     -0.13    
   0.046     0.12     -0.25    
  -2.3e-06   0.12     -0.44    
  -2.3e-06   0.12     -0.74    
  -2.3e-06   0.12     -0.76    
   0        -0.064    -0.1     
   0        -0.12     -0.13    
   0.046    -0.12     -0.25    
  -2.3e-06  -0.12     -0.44    
  -2.3e-06  -0.12     -0.74    
  -2.3e-06  -0.12     -0.76    
   0         0         0       
  -0.004     0         0.035   
  -0.004     0         0.054   
  -7.2e-06   0.1       0.29    
   3.7e-07   0.14      0.29    
  -4.1e-06   0.15      0.19    
   0.016     0.15      0.11    
   0.12      0.15      0.095   
   0.15      0.15      0.095   
   0.2       0.15      0.095   
  -7.2e-06  -0.1       0.29    
   3.7e-07  -0.14      0.29    
  -4.1e-06  -0.15      0.19    
   0.016    -0.15      0.11    
   0.12     -0.15      0.095   
   0.15     -0.15      0.095   
   0.2      -0.15      0.095   

XAXIS
   0         1         0       
   0.98      0         0.17    
  -0.17      0         0.98    
   0         1         0       
   0         1         0       
   1         0         0       
   0         1         0       
   0.98      0         0.17    
  -0.17      0         0.98    
   0         1         0       
   0         1         0       
   1         0         0       
   0         0         1       
   1         0         0       
   0         1         0       
   0.0002    0.96      0.28    
   1        -0.00019  -5.5e-05 
   5.5e-05  -6e-05     1       
   0.00019   1         6e-05   
   1        -0.00019  -5.5e-05 
   0.00019   1         6e-05   
   5.5e-05  -6e-05     1       
  -0.0002    0.96     -0.28    
   1         0.00019  -5.5e-05 
   5.5e-05   6e-05     1       
  -0.00019   1        -6e-05   
   1         0.00019  -5.5e-05 
  -0.00019   1        -6e-05   
   5.5e-05   6e-05     1       

GEOM_XPOS
  -2e-07    -9.2e-07  -0.076   
   0.00069   2.4e-05  -0.079   
   0.00069   2.4e-05  -0.079   
  -0.00087   0.11     -0.13    
  -0.00087   0.11     -0.13    
   0.047     0.12     -0.19    
   0.047     0.12     -0.19    
   0.032     0.11     -0.35    
   0.032     0.11     -0.35    
   0.012     0.12     -0.56    
   0.012     0.12     -0.56    
  -0.0041    0.12     -0.75    
  -0.0041    0.12     -0.75    
   0.026     0.12     -0.77    
  -0.05      0.14     -0.79    
  -0.05      0.094    -0.79    
   0.12      0.15     -0.79    
   0.12      0.089    -0.79    
  -0.00087  -0.11     -0.13    
  -0.00087  -0.11     -0.13    
   0.047    -0.12     -0.19    
   0.047    -0.12     -0.19    
   0.032    -0.11     -0.35    
   0.032    -0.11     -0.35    
   0.012    -0.12     -0.56    
   0.012    -0.12     -0.56    
  -0.0041   -0.12     -0.75    
  -0.0041   -0.12     -0.75    
   0.026    -0.12     -0.77    
  -0.05     -0.094    -0.79    
  -0.05     -0.14     -0.79    
   0.12     -0.089    -0.79    
   0.12     -0.15     -0.79    
   0.0046    3.9e-07   0.018   
  -0.004    -5.4e-07   0.043   
   0.00092   0.0021    0.19    
   0.00092   0.0021    0.19    
  -0.00094   0.0011    0.27    
  -0.00094   0.0011    0.27    
   0.0037    2.5e-05   0.43    
   0.0037    2.5e-05   0.43    
  -0.00074   8.1e-05   0.032   
  -0.00074   8.1e-05   0.032   
  -2.6e-05   0.14      0.29    
   7.7e-07   0.14      0.29    
   3.1e-05   0.15      0.25    
  -0.004     0.15      0.24    
   0.008     0.14      0.14    
   0.008     0.14      0.14    
   0.069     0.16      0.097   
   0.069     0.16      0.097   
   0.13      0.15      0.095   
   0.13      0.15      0.095   
   0.18      0.15      0.095   
   0.18      0.15      0.095   
   0.22      0.15      0.095   
   0.22      0.15      0.095   
   0.31      0.14      0.098   
  -2.4e-05  -0.14      0.29    
   7.7e-07  -0.14      0.29    
   3e-05    -0.15      0.25    
  -0.004    -0.15      0.24    
   0.008    -0.14      0.14    
   0.008    -0.14      0.14    
   0.069    -0.16      0.097   
   0.069    -0.16      0.097   
   0.13     -0.15      0.095   
   0.13     -0.15      0.095   
   0.18     -0.15      0.095   
   0.18     -0.15      0.095   
   0.22     -0.15      0.095   
   0.22     -0.15      0.095   
   0.31     -0.14      0.098   

GEOM_XMAT
   1        -8.7e-06   0         8.7e-06   1        -0.00016   1.4e-09   0.00016   1       
  -0.00056  -0.024     1         1         0.0016    0.0006   -0.0016    1         0.024   
  -0.00056  -0.024     1         1         0.0016    0.0006   -0.0016    1         0.024   
   0.99     -0.15     -0.044     0.094     0.79     -0.6       0.13      0.59      0.8     
   0.99     -0.15     -0.044     0.094     0.79     -0.6       0.13      0.59      0.8     
   0.98      0.014     0.18     -0.015     1         0.0051   -0.18     -0.0077    0.98    
   0.98      0.014     0.18     -0.015     1         0.0051   -0.18     -0.0077    0.98    
  -0.058    -0.96      0.28      1        -0.048     0.042    -0.026     0.29      0.96    
  -0.058    -0.96      0.28      1        -0.048     0.042    -0.026     0.29      0.96    
   0.15     -0.99      0.027     0.99      0.15      0.059    -0.063     0.017     1       
   0.15     -0.99      0.027     0.99      0.15      0.059    -0.063     0.017     1       
   0        -0.83      0.56      1         0         0         0         0.56      0.83    
   0        -0.83      0.56      1         0         0         0         0.56      0.83    
   0.081    -0.00029   1        -0.0018   -1        -0.00014   1        -0.0018   -0.081   
   1         0         0         0         1         0         0         0         1       
   1         0         0         0         1         0         0         0         1       
   1         0         0         0         1         0         0         0         1       
   1         0         0         0         1         0         0         0         1       
   0.99      0.15     -0.044    -0.094     0.79      0.6       0.13     -0.59      0.8     
   0.99      0.15     -0.044    -0.094     0.79      0.6       0.13     -0.59      0.8     
   0.98     -0.013     0.18      0.014     1        -0.0051   -0.18      0.0076    0.98    
   0.98     -0.013     0.18      0.014     1        -0.0051   -0.18      0.0076    0.98    
   0.058    -0.96      0.28      1         0.048    -0.042     0.026     0.29      0.96    
   0.058    -0.96      0.28      1         0.048    -0.042     0.026     0.29      0.96    
  -0.15     -0.99      0.027     0.99     -0.15     -0.059     0.063     0.017     1       
  -0.15     -0.99      0.027     0.99     -0.15     -0.059     0.063     0.017     1       
  -5.6e-17  -0.83      0.56      1         0         0         0         0.56      0.83    
  -5.6e-17  -0.83      0.56      1         0         0         0         0.56      0.83    
   0.081     0.00032   1         0.0018   -1         0.00018   1         0.0018   -0.081   
   1         0         0         0         1         0         0         0         1       
   1         0         0         0         1         0         0         0         1       
   1         0         0         0         1         0         0         0         1       
   1         0         0         0         1         0         0         0         1       
  -0.17      0.00021   0.99     -3.4e-05  -1         0.0002    0.99      1.5e-06   0.17    
   1         0         0         0         1         0         0         0         1       
   1        -0.0042    0.009     0.0043    1        -0.0041   -0.0089    0.0041    1       
   1        -0.0042    0.009     0.0043    1        -0.0041   -0.0089    0.0041    1       
   0.0039   -0.07      1         0.00016  -1        -0.07      1         0.00043  -0.0039  
   0.0039   -0.07      1         0.00016  -1        -0.07      1         0.00043  -0.0039  
   1        -0.00011   0.046     0.00011   1        -2.4e-05  -0.046     2.9e-05   1       
   1        -0.00011   0.046     0.00011   1        -2.4e-05  -0.046     2.9e-05   1       
  -0.001    -1        -0.0015   -6.6e-05   0.0015   -1         1        -0.001    -6.7e-05 
  -0.001    -1        -0.0015   -6.6e-05   0.0015   -1         1        -0.001    -6.7e-05 
   0.056    -1        -0.0083    0.64      0.042    -0.76      0.76      0.037     0.64    
   4.2e-10   0.0002    1         0.28      0.96     -0.00019  -0.96      0.28     -5.5e-05 
   0.00084  -1         0.0035    1         0.00056  -0.079     0.079     0.0035    1       
   1         0.00019   5.5e-05  -0.00019   1        -6e-05    -5.5e-05   6e-05     1       
  -0.098    -0.96     -0.25      0.99     -0.13      0.1      -0.13     -0.23      0.96    
  -0.098    -0.96     -0.25      0.99     -0.13      0.1      -0.13     -0.23      0.96    
   0.33      0.088     0.94      0.94     -0.092    -0.32      0.058     0.99     -0.11    
   0.33      0.088     0.94      0.94     -0.092    -0.32      0.058     0.99     -0.11    
   0.00024  -1        -0.033    -0.00011   0.033    -1         1         0.00024  -0.0001  
   0.00024  -1        -0.033    -0.00011   0.033    -1         1         0.00024  -0.0001  
   0.029     0.00059   1        -0.69     -0.73      0.021     0.72     -0.69     -0.021   
   0.029     0.00059   1        -0.69     -0.73      0.021     0.72     -0.69     -0.021   
  -0.1      -0.99     -0.039     0.99     -0.1      -0.0023   -0.0017   -0.039     1       
  -0.1      -0.99     -0.039     0.99     -0.1      -0.0023   -0.0017   -0.039     1       
   0.26      0.021     0.96      0.96     -0.05     -0.26      0.043     1        -0.034   
  -0.056    -1        -0.0081    0.64     -0.042     0.76     -0.76      0.038     0.64    
   4.2e-10  -0.0002    1        -0.28      0.96      0.00019  -0.96     -0.28     -5.5e-05 
  -0.00073  -1         0.0034    1        -0.00046   0.079    -0.079     0.0035    1       
   1        -0.00019   5.5e-05   0.00019   1         6e-05    -5.5e-05  -6e-05     1       
   0.098    -0.96     -0.25      0.99      0.13     -0.1       0.13     -0.23      0.96    
   0.098    -0.96     -0.25      0.99      0.13     -0.1       0.13     -0.23      0.96    
  -0.33      0.088     0.94      0.94      0.092     0.32     -0.058     0.99     -0.11    
  -0.33      0.088     0.94      0.94      0.092     0.32     -0.058     0.99     -0.11    
   0.0002   -1         0.033     6.5e-05  -0.033    -1         1         0.0002    5.8e-05 
   0.0002   -1         0.033     6.5e-05  -0.033    -1         1         0.0002    5.8e-05 
   0.029     7.8e-05   1         0.7      -0.71     -0.021     0.71      0.71     -0.021   
   0.029     7.8e-05   1         0.7      -0.71     -0.021     0.71      0.71     -0.021   
   0.1      -0.99     -0.039     0.99      0.1       0.0023    0.0017   -0.039     1       
   0.1      -0.99     -0.039     0.99      0.1       0.0023    0.0017   -0.039     1       
  -0.26      0.021     0.96      0.96      0.05      0.26     -0.043     1        -0.034   

SUBTREE_COM
   0.021     0.00065  -0.071   
   0.017     0.11     -0.39    
   0.021     0.12     -0.45    
   0.012     0.12     -0.53    
   0.01      0.12     -0.61    
   0.023     0.12     -0.77    
   0.027     0.12     -0.77    
   0.017    -0.11     -0.39    
   0.021    -0.12     -0.45    
   0.012    -0.12     -0.53    
   0.01     -0.12     -0.61    
   0.023    -0.12     -0.77    
   0.027    -0.12     -0.77    
   0.025     0.0012    0.2     
   0.025     0.0012    0.2     
   0.025     0.0012    0.2     
   0.061     0.15      0.16    
   0.077     0.15      0.13    
   0.1       0.15      0.1     
   0.15      0.15      0.096   
   0.19      0.16      0.096   
   0.2       0.16      0.096   
   0.25      0.17      0.1     
   0.061    -0.14      0.16    
   0.076    -0.14      0.13    
   0.099    -0.14      0.1     
   0.14     -0.14      0.095   
   0.19     -0.14      0.094   
   0.2      -0.14      0.094   
   0.24     -0.12      0.094   

CDOF
   0         1         0        -0.29      0        -0.017   
   0.98      0         0.17      0.00031   0.26     -0.0017  
  -0.17      0         0.98      0.0017   -0.053     0.00031 
   0         1         0         0.049     0        -0.017   
   0         1         0         0.35      0        -0.017   
   1         0         0         0        -0.37     -0.0038  
   0         1         0        -0.29      0        -0.017   
   0.98      0         0.17     -0.00031   0.26      0.0017  
  -0.17      0         0.98     -0.0017   -0.053    -0.00031 
   0         1         0         0.049     0        -0.017   
   0         1         0         0.35      0        -0.017   
   1         0         0         0        -0.37      0.0038  
   0         0         1        -0.0012    0.025     0       
   1         0         0         0        -0.17      0.0012  
   0         1         0         0.15      0        -0.029   
   0.0002    0.96      0.28     -0.06      0.0068   -0.024   
   1        -0.00019  -5.5e-05   9.3e-06   0.088    -0.14    
   5.5e-05  -6e-05     1         0.15      0.025    -6.5e-06 
   0.00019   1         6e-05     0.095    -1.8e-05  -0.009   
   1        -0.00019  -5.5e-05  -2.8e-05  -0.11     -0.15    
   0.00019   1         6e-05     0.11     -2.8e-05   0.13    
   5.5e-05  -6e-05     1         0.15     -0.18     -1.9e-05 
  -0.0002    0.96     -0.28     -0.06     -0.0068   -0.024   
   1         0.00019  -5.5e-05  -9.1e-06   0.088     0.14    
   5.5e-05   6e-05     1        -0.15      0.025     6.6e-06 
  -0.00019   1        -6e-05     0.095     1.8e-05  -0.009   
   1         0.00019  -5.5e-05   2.8e-05  -0.11      0.15    
  -0.00019   1        -6e-05     0.11      2.8e-05   0.13    
   5.5e-05   6e-05     1        -0.15     -0.18      1.9e-05 

CINERT
   0         0         0         0         0         0         0         0         0         0       
   0.094     0.094     0.0016   -1.1e-05   0.0051    0.001    -0.02     -0.0033    0.35      1.4     
   0.049     0.05      0.0027   -3.7e-05  -0.0075   -0.00018   0.042     0.0011    0.27      1.5     
   0.0073    0.0083    0.0026   -0.00044  -0.0019   -0.0011   -0.0028   -0.016    -0.033     1.7     
   0.067     0.067     0.0019    0.00023  -0.0039    0.0019   -0.023     0.015    -0.33      1.9     
   0.0085    0.0085    5.8e-05   7e-06    -0.00062   9.6e-05  -0.0018    0.00028  -0.025     0.074   
   0.09      0.091     0.0017   -2.1e-05   0.0022    0.00089   0.0056    0.0023   -0.23      0.61    
   0.094     0.094     0.0016    1.1e-05   0.0051   -0.001    -0.02      0.0033    0.35      1.4     
   0.049     0.05      0.0027    3.7e-05  -0.0075    0.00018   0.042    -0.0011    0.27      1.5     
   0.0073    0.0083    0.0026    0.00044  -0.0019    0.0011   -0.0028    0.016    -0.033     1.7     
   0.067     0.067     0.0019   -0.00023  -0.0038   -0.0019   -0.023    -0.015    -0.33      1.9     
   0.0085    0.0085    5.8e-05  -7e-06    -0.00062  -9.6e-05  -0.0018   -0.00028  -0.025     0.074   
   0.09      0.091     0.0017    2.1e-05   0.0022   -0.00089   0.0056   -0.0023   -0.23      0.61    
   0.0082    0.0083    0.00026  -7.9e-06  -0.00093  -5.3e-05  -0.0051   -0.00029  -0.044     0.24    
   0.0011    0.0012    4.3e-05  -1.9e-06  -0.00021  -1e-05    -0.0013   -6.8e-05  -0.0073    0.047   
   0.13      0.13      0.039    -0.00022   0.0063   -0.00063  -0.25     -0.005     0.32      9.6     
   0.02      0.0067    0.014     0.0024    0.0016   -0.0088   -0.018     0.098     0.065     0.72    
   0.015     0.0015    0.015     0.0024    0.00041  -0.0024   -0.016     0.094     0.016     0.64    
   0.021     0.0067    0.016     0.0015   -0.00075   0.0091   -0.01      0.1      -0.064     0.73    
   0.02      0.009     0.016    -0.005     0.0036    0.0095    0.034     0.09     -0.063     0.6     
   0.0029    0.002     0.0029   -0.0014    0.00097   0.0013    0.0092    0.013    -0.009     0.085   
   0.016     0.017     0.022    -0.011     0.0079    0.0075    0.074     0.071    -0.052     0.48    
   0.01      0.016     0.021    -0.0099    0.0057    0.0044    0.057     0.044    -0.026     0.25    
   0.02      0.0067    0.015    -0.0025    0.0016    0.0089   -0.018    -0.1       0.065     0.72    
   0.015     0.0015    0.015    -0.0024    0.00041   0.0024   -0.016    -0.096     0.016     0.64    
   0.022     0.0067    0.016    -0.0015   -0.00075  -0.0092   -0.01     -0.11     -0.064     0.73    
   0.021     0.009     0.016     0.0051    0.0036   -0.0096    0.034    -0.091    -0.063     0.6     
   0.0029    0.002     0.003     0.0014    0.00097  -0.0014    0.0092   -0.013    -0.009     0.085   
   0.016     0.017     0.022     0.011     0.0079   -0.0077    0.074    -0.072    -0.052     0.48    
   0.0069    0.015     0.016     0.0065    0.0058   -0.0033    0.054    -0.031    -0.027     0.25    

CRB
   0         0         0         0         0         0         0         0         0         0       
   0.32      0.32      0.011    -0.00027  -0.0066    0.0026   -1.4e-17   2.3e-17  -1.7e-16   7.2     
   0.22      0.23      0.0089   -0.00026  -0.012     0.0016    0.02      0.0033   -0.35      5.8     
   0.17      0.18      0.0063   -0.00022  -0.0042    0.0018   -0.022     0.0022   -0.62      4.3     
   0.17      0.17      0.0037    0.00021  -0.0023    0.0029   -0.019     0.018    -0.59      2.6     
   0.098     0.099     0.0018   -1.4e-05   0.0016    0.00099   0.0038    0.0026   -0.26      0.68    
   0.09      0.091     0.0017   -2.1e-05   0.0022    0.00089   0.0056    0.0023   -0.23      0.61    
   0.32      0.32      0.011     0.00027  -0.0065   -0.0026   -1.4e-17  -2.3e-17  -1.7e-16   7.2     
   0.22      0.23      0.0089    0.00026  -0.012    -0.0016    0.02     -0.0033   -0.35      5.8     
   0.17      0.18      0.0063    0.00022  -0.0041   -0.0018   -0.022    -0.0022   -0.62      4.3     
   0.17      0.17      0.0037   -0.00021  -0.0022   -0.0029   -0.019    -0.018    -0.59      2.6     
   0.098     0.099     0.0018    1.4e-05   0.0016   -0.00099   0.0038   -0.0026   -0.26      0.68    
   0.09      0.091     0.0017    2.1e-05   0.0022   -0.00089   0.0056   -0.0023   -0.23      0.61    
   0.35      0.26      0.25     -0.0035    0.044     0.00017   5.3e-17  -1.2e-16   9.7e-17   17      
   0.35      0.25      0.25     -0.0035    0.045     0.00023   0.0051    0.00029   0.044     17      
   0.34      0.25      0.25     -0.0035    0.045     0.00024   0.0064    0.00036   0.052     17      
   0.11      0.059     0.11     -0.021     0.019     0.021     0.13      0.51     -0.13      3.5     
   0.086     0.052     0.092    -0.023     0.018     0.029     0.15      0.42     -0.2       2.8     
   0.071     0.051     0.077    -0.026     0.017     0.032     0.16      0.32     -0.21      2.2     
   0.05      0.044     0.061    -0.027     0.018     0.023     0.17      0.22     -0.15      1.4     
   0.029     0.035     0.046    -0.022     0.015     0.013     0.14      0.13     -0.086     0.82    
   0.026     0.033     0.043    -0.021     0.014     0.012     0.13      0.11     -0.077     0.74    
   0.01      0.016     0.021    -0.0099    0.0057    0.0044    0.057     0.044    -0.026     0.25    
   0.1       0.058     0.1       0.018     0.019    -0.02      0.13     -0.51     -0.13      3.5     
   0.084     0.051     0.088     0.02      0.018    -0.029     0.14     -0.41     -0.2       2.8     
   0.069     0.05      0.073     0.022     0.017    -0.031     0.16     -0.31     -0.21      2.2     
   0.047     0.043     0.057     0.024     0.018    -0.022     0.17     -0.21     -0.15      1.4     
   0.026     0.034     0.041     0.019     0.015    -0.012     0.14     -0.12     -0.088     0.82    
   0.023     0.032     0.038     0.017     0.014    -0.011     0.13     -0.1      -0.079     0.74    
   0.0069    0.015     0.016     0.0065    0.0058   -0.0033    0.054    -0.031    -0.027     0.25    

QM
   0.91    
  -0.00029   0.77    
  -0.00086  -0.16      0.038   
   0.27      0.00016   0.0012    0.12    
   0.015    -2.4e-05   4.6e-05   0.0087    0.0028  
   2e-07     0.0066   -0.0011    2e-07     2e-07     0.00039 
                                                               0.91    
                                                               0.00029   0.77    
                                                               0.00086  -0.16      0.038   
                                                               0.27     -0.00016  -0.0012    0.12    
                                                               0.015     2.4e-05  -4.6e-05   0.0087    0.0028  
                                                              -2e-07     0.0066   -0.0011   -2e-07    -2e-07     0.00039 
                                                                                                                           0.26    
                                                                                                                          -0.025     0.82    
                                                                                                                          -0.0028   -0.004     0.63    
                                                                                                                           0.083    -0.036     0.0085    0.13    
                                                                                                                           0.042    -0.028    -0.0034    0.0083    0.081   
                                                                                                                           0.039    -0.013    -0.00037   0.012     0.042     0.038   
                                                                                                                           0.0021   -0.029     0.034     0.036    -0.003     5.4e-05   0.031   
                                                                                                                          -0.00021   0.0015   -0.0016   -0.0016    0.00053  -0.00021  -0.0015    0.00061 
                                                                                                                          -0.00014  -0.0059    0.009     0.0083   -0.00094  -4.2e-05   0.0082   -0.00065   0.0034  
                                                                                                                           0.0046   -0.00081  -0.00031   0.0023    0.0023    0.0037    2.3e-05  -7e-05    -4.1e-05   0.0012  
                                                                                                                          -0.08      0.032     0.0077                                                                          0.12    
                                                                                                                           0.042    -0.03     -0.00012                                                                        -0.012     0.082   
                                                                                                                           0.036    -0.013    -0.00023                                                                        -0.009     0.042     0.037   
                                                                                                                          -0.0022    0.026     0.033                                                                           0.035    -0.00027   5.6e-05   0.03    
                                                                                                                           0.00021  -0.00054  -0.0019                                                                         -0.0019    0.00081   0.00021  -0.0018    0.00069 
                                                                                                                          -0.00013   0.0041    0.0079                                                                          0.0077   -0.00045   1.4e-05   0.0073   -0.00071   0.0029  
                                                                                                                           0.0018   -0.00056  -0.00029                                                                         0.0007    0.0019    0.0029    9e-05     2.4e-05   1.6e-05   0.00098 

M
     0:  0.91    
     0: -0.00029    1:  0.77    
     0: -0.00086    1: -0.16       2:  0.038   
     0:  0.27       1:  0.00016    2:  0.0012     3:  0.12    
     0:  0.015      1: -2.4e-05    2:  4.6e-05    3:  0.0087     4:  0.0028  
     0:  2e-07      1:  0.0066     2: -0.0011     3:  2e-07      4:  2e-07      5:  0.00039 
     6:  0.91    
     6:  0.00029    7:  0.77    
     6:  0.00086    7: -0.16       8:  0.038   
     6:  0.27       7: -0.00016    8: -0.0012     9:  0.12    
     6:  0.015      7:  2.4e-05    8: -4.6e-05    9:  0.0087    10:  0.0028  
     6: -2e-07      7:  0.0066     8: -0.0011     9: -2e-07     10: -2e-07     11:  0.00039 
    12:  0.26    
    12: -0.025     13:  0.82    
    12: -0.0028    13: -0.004     14:  0.63    
    12:  0.083     13: -0.036     14:  0.0085    15:  0.13    
    12:  0.042     13: -0.028     14: -0.0034    15:  0.0083    16:  0.081   
    12:  0.039     13: -0.013     14: -0.00037   15:  0.012     16:  0.042     17:  0.038   
    12:  0.0021    13: -0.029     14:  0.034     15:  0.036     16: -0.003     17:  5.4e-05   18:  0.031   
    12: -0.00021   13:  0.0015    14: -0.0016    15: -0.0016    16:  0.00053   17: -0.00021   18: -0.0015    19:  0.00061 
    12: -0.00014   13: -0.0059    14:  0.009     15:  0.0083    16: -0.00094   17: -4.2e-05   18:  0.0082    19: -0.00065   20:  0.0034  
    12:  0.0046    13: -0.00081   14: -0.00031   15:  0.0023    16:  0.0023    17:  0.0037    18:  2.3e-05   19: -7e-05     20: -4.1e-05   21:  0.0012  
    12: -0.08      13:  0.032     14:  0.0077    22:  0.12    
    12:  0.042     13: -0.03      14: -0.00012   22: -0.012     23:  0.082   
    12:  0.036     13: -0.013     14: -0.00023   22: -0.009     23:  0.042     24:  0.037   
    12: -0.0022    13:  0.026     14:  0.033     22:  0.035     23: -0.00027   24:  5.6e-05   25:  0.03    
    12:  0.00021   13: -0.00054   14: -0.0019    22: -0.0019    23:  0.00081   24:  0.00021   25: -0.0018    26:  0.00069 
    12: -0.00013   13:  0.0041    14:  0.0079    22:  0.0077    23: -0.00045   24:  1.4e-05   25:  0.0073    26: -0.00071   27:  0.0029  
    12:  0.0018    13: -0.00056   14: -0.00029   22:  0.0007    23:  0.0019    24:  0.0029    25:  9e-05     26:  2.4e-05   27:  1.6e-05   28:  0.00098 

QLD
     0:  0.27    
     0: -0.12       1:  0.13    
     0: -0.1        1: -3.9        2:  0.035   
     0:  2.5        1:  0.0027     2:  0.012      3:  0.088   
     0:  5.5        1: -0.01       2:  0.017      3:  3.1        4:  0.0028  
     0:  0.00052    1:  17         2: -2.7        3:  0.00052    4:  0.00052    5:  0.00039 
     6:  0.27    
     6:  0.12       7:  0.13    
     6:  0.1        7: -3.9        8:  0.035   
     6:  2.5        7: -0.0027     8: -0.012      9:  0.088   
     6:  5.5        7:  0.01       8: -0.017      9:  3.1       10:  0.0028  
     6: -0.00052    7:  17         8: -2.7        9: -0.00052   10: -0.00052   11:  0.00039 
    12:  0.07    
    12:  0.0034    13:  0.74    
    12: -0.0037    13: -0.00013   14:  0.54    
    12:  0.83      13:  0.027     14: -0.37      15:  0.081   
    12:  0.015     13: -0.51      14: -0.008     15:  0.018     16:  0.031   
    12:  0.94      13: -0.4       14:  0.022     15:  0.19      16:  1.3       17:  0.027   
    12:  0.17      13: -1.3       14:  1.1       15:  1.3       16: -0.097     17: -0.02      18:  0.011   
    12:  0.14      13:  0.72      14:  0.25      15:  0.4       16:  1         17:  0.051     18:  0.25      19:  0.00048 
    12:  0.0049    13: -1.7       14:  2.6       15:  2.5       16: -0.25      17:  0.025     18:  2.4       19: -0.19      20:  0.0034  
    12:  3.9       13: -0.69      14: -0.26      15:  1.9       16:  2         17:  3.1       18:  0.02      19: -0.06      20: -0.035     21:  0.0012  
    12: -0.83      13: -0.022     14: -0.37      22:  0.08    
    12: -0.024     13: -0.51      14: -0.006     22:  0.032     23:  0.032   
    12:  1.1       13: -0.38      14:  0.03      22: -0.38      23:  1.3       24:  0.028   
    12: -0.17      13:  1.3       14:  1.1       22:  1.3       23:  0.066     24: -0.012     25:  0.011   
    12:  0.26      13:  1         14:  0.087     22:  0.022     23:  1.3       24:  0.27      25:  0.079     26:  0.00051 
    12: -0.055     13:  1.4       14:  2.8       22:  2.7       23: -0.17      24: -0.012     25:  2.6       26: -0.25      27:  0.0029  
    12:  1.9       13: -0.57      14: -0.29      22:  0.72      23:  1.9       24:  3         25:  0.092     26:  0.024     27:  0.017     28:  0.00098 

QLDIAGINV
   3.7     
   7.9     
   28      
   11      
   3.6e+02 
   2.6e+03 
   3.7     
   7.9     
   28      
   11      
   3.6e+02 
   2.6e+03 
   14      
   1.4     
   1.9     
   12      
   32      
   37      
   88      
   2.1e+03 
   3e+02   
   8.5e+02 
   13      
   32      
   35      
   89      
   2e+03   
   3.5e+02 
   1e+03   

B: body-dof matrix
-------------------------------
 xxxxxxxxxxxxxxxxxxxxxxxxxxxxx |
 xxxxxx                        |
 xxxxxx                        |
 xxxxxx                        |
 xxxxxx                        |
 xxxxxx                        |
 xxxxxx                        |
       xxxxxx                  |
       xxxxxx                  |
       xxxxxx                  |
       xxxxxx                  |
       xxxxxx                  |
       xxxxxx                  |
             xxxxxxxxxxxxxxxxx |
             xxxxxxxxxxxxxxxxx |
             xxxxxxxxxxxxxxxxx |
             xxxxxxxxxx        |
             xxxxxxxxxx        |
             xxxxxxxxxx        |
             xxxxxxxxxx        |
             xxxxxxxxxx        |
             xxxxxxxxxx        |
             xxxxxxxxxx        |
             xxx       xxxxxxx |
             xxx       xxxxxxx |
             xxx       xxxxxxx |
             xxx       xxxxxxx |
             xxx       xxxxxxx |
             xxx       xxxxxxx |
             xxx       xxxxxxx |
-------------------------------

B_rownnz              29 6 6 6 6 6 6 6 6 6 6 6 6 17 17 17 10 10 10 10 10 10 10 10 10 10 10 10 10 10

B_rowadr              0 29 35 41 47 53 59 65 71 77 83 89 95 101 118 135 152 162 172 182 192 202 212 222 232 242 252 262 272 282

B_colind              0 1 2 3 4 5 6 7 8 9 10 11 12 13 14 15 16 17 18 19 20 21 22 23 24 25 26 27 28 0 1 2 3 4 5 0 1 2 3 4 5 0 1 2 3 4 5 0 1 2 3 4 5 0 1 2 3 4 5 0 1 2 3 4 5 6 7 8 9 10 11 6 7 8 9 10 11 6 7 8 9 10 11 6 7 8 9 10 11 6 7 8 9 10 11 6 7 8 9 10 11 12 13 14 15 16 17 18 19 20 21 22 23 24 25 26 27 28 12 13 14 15 16 17 18 19 20 21 22 23 24 25 26 27 28 12 13 14 15 16 17 18 19 20 21 22 23 24 25 26 27 28 12 13 14 15 16 17 18 19 20 21 12 13 14 15 16 17 18 19 20 21 12 13 14 15 16 17 18 19 20 21 12 13 14 15 16 17 18 19 20 21 12 13 14 15 16 17 18 19 20 21 12 13 14 15 16 17 18 19 20 21 12 13 14 15 16 17 18 19 20 21 12 13 14 22 23 24 25 26 27 28 12 13 14 22 23 24 25 26 27 28 12 13 14 22 23 24 25 26 27 28 12 13 14 22 23 24 25 26 27 28 12 13 14 22 23 24 25 26 27 28 12 13 14 22 23 24 25 26 27 28 12 13 14 22 23 24 25 26 27 28

M: reduced inertia matrix
-------------------------------
 x                             |
 xx                            |
 xxx                           |
 xxxx                          |
 xxxxx                         |
 xxxxxx                        |
       x                       |
       xx                      |
       xxx                     |
       xxxx                    |
       xxxxx                   |
       xxxxxx                  |
             x                 |
             xx                |
             xxx               |
             xxxx              |
             xxxxx             |
             xxxxxx            |
             xxxxxxx           |
             xxxxxxxx          |
             xxxxxxxxx         |
             xxxxxxxxxx        |
             xxx       x       |
             xxx       xx      |
             xxx       xxx     |
             xxx       xxxx    |
             xxx       xxxxx   |
             xxx       xxxxxx  |
             xxx       xxxxxxx |
-------------------------------

M_rownnz              1 2 3 4 5 6 1 2 3 4 5 6 1 2 3 4 5 6 7 8 9 10 4 5 6 7 8 9 10

M_rowadr              0 1 3 6 10 15 21 22 24 27 31 36 42 43 45 48 52 57 63 70 78 87 97 101 106 112 119 127 136

M_colind              0 0 1 0 1 2 0 1 2 3 0 1 2 3 4 0 1 2 3 4 5 6 6 7 6 7 8 6 7 8 9 6 7 8 9 10 6 7 8 9 10 11 12 12 13 12 13 14 12 13 14 15 12 13 14 15 16 12 13 14 15 16 17 12 13 14 15 16 17 18 12 13 14 15 16 17 18 19 12 13 14 15 16 17 18 19 20 12 13 14 15 16 17 18 19 20 21 12 13 14 22 12 13 14 22 23 12 13 14 22 23 24 12 13 14 22 23 24 25 12 13 14 22 23 24 25 26 12 13 14 22 23 24 25 26 27 12 13 14 22 23 24 25 26 27 28

mapM2M                0 2 1 5 4 3 9 8 7 6 14 13 12 11 10 20 19 18 17 16 15 21 23 22 26 25 24 30 29 28 27 35 34 33 32 31 41 40 39 38 37 36 42 44 43 47 46 45 51 50 49 48 56 55 54 53 52 62 61 60 59 58 57 69 68 67 66 65 64 63 77 76 75 74 73 72 71 70 86 85 84 83 82 81 80 79 78 96 95 94 93 92 91 90 89 88 87 100 99 98 97 105 104 103 102 101 111 110 109 108 107 106 118 117 116 115 114 113 112 126 125 124 123 122 121 120 119 135 134 133 132 131 130 129 128 127 145 144 143 142 141 140 139 138 137 136

D: dof-dof matrix
-------------------------------
 Dxxxxx                        |
 xDxxxx                        |
 xxDxxx                        |
 xxxDxx                        |
 xxxxDx                        |
 xxxxxD                        |
       Dxxxxx                  |
       xDxxxx                  |
       xxDxxx                  |
       xxxDxx                  |
       xxxxDx                  |
       xxxxxD                  |
             Dxxxxxxxxxxxxxxxx |
             xDxxxxxxxxxxxxxxx |
             xxDxxxxxxxxxxxxxx |
             xxxDxxxxxx        |
             xxxxDxxxxx        |
             xxxxxDxxxx        |
             xxxxxxDxxx        |
             xxxxxxxDxx        |
             xxxxxxxxDx        |
             xxxxxxxxxD        |
             xxx       Dxxxxxx |
             xxx       xDxxxxx |
             xxx       xxDxxxx |
             xxx       xxxDxxx |
             xxx       xxxxDxx |
             xxx       xxxxxDx |
             xxx       xxxxxxD |
-------------------------------

D_rownnz              6 6 6 6 6 6 6 6 6 6 6 6 17 17 17 10 10 10 10 10 10 10 10 10 10 10 10 10 10

D_rowadr              0 6 12 18 24 30 36 42 48 54 60 66 72 89 106 123 133 143 153 163 173 183 193 203 213 223 233 243 253

D_colind              0 1 2 3 4 5 0 1 2 3 4 5 0 1 2 3 4 5 0 1 2 3 4 5 0 1 2 3 4 5 0 1 2 3 4 5 6 7 8 9 10 11 6 7 8 9 10 11 6 7 8 9 10 11 6 7 8 9 10 11 6 7 8 9 10 11 6 7 8 9 10 11 12 13 14 15 16 17 18 19 20 21 22 23 24 25 26 27 28 12 13 14 15 16 17 18 19 20 21 22 23 24 25 26 27 28 12 13 14 15 16 17 18 19 20 21 22 23 24 25 26 27 28 12 13 14 15 16 17 18 19 20 21 12 13 14 15 16 17 18 19 20 21 12 13 14 15 16 17 18 19 20 21 12 13 14 15 16 17 18 19 20 21 12 13 14 15 16 17 18 19 20 21 12 13 14 15 16 17 18 19 20 21 12 13 14 15 16 17 18 19 20 21 12 13 14 22 23 24 25 26 27 28 12 13 14 22 23 24 25 26 27 28 12 13 14 22 23 24 25 26 27 28 12 13 14 22 23 24 25 26 27 28 12 13 14 22 23 24 25 26 27 28 12 13 14 22 23 24 25 26 27 28 12 13 14 22 23 24 25 26 27 28

mapM2D                0 2 5 9 14 20 2 1 4 8 13 19 5 4 3 7 12 18 9 8 7 6 11 17 14 13 12 11 10 16 20 19 18 17 16 15 21 23 26 30 35 41 23 22 25 29 34 40 26 25 24 28 33 39 30 29 28 27 32 38 35 34 33 32 31 37 41 40 39 38 37 36 42 44 47 51 56 62 69 77 86 96 100 105 111 118 126 135 145 44 43 46 50 55 61 68 76 85 95 99 104 110 117 125 134 144 47 46 45 49 54 60 67 75 84 94 98 103 109 116 124 133 143 51 50 49 48 53 59 66 74 83 93 56 55 54 53 52 58 65 73 82 92 62 61 60 59 58 57 64 72 81 91 69 68 67 66 65 64 63 71 80 90 77 76 75 74 73 72 71 70 79 89 86 85 84 83 82 81 80 79 78 88 96 95 94 93 92 91 90 89 88 87 100 99 98 97 102 108 115 123 132 142 105 104 103 102 101 107 114 122 131 141 111 110 109 108 107 106 113 121 130 140 118 117 116 115 114 113 112 120 129 139 126 125 124 123 122 121 120 119 128 138 135 134 133 132 131 130 129 128 127 137 145 144 143 142 141 140 139 138 137 136

mapD2M                0 7 6 14 13 12 21 20 19 18 28 27 26 25 24 35 34 33 32 31 30 36 43 42 50 49 48 57 56 55 54 64 63 62 61 60 71 70 69 68 67 66 72 90 89 108 107 106 126 125 124 123 137 136 135 134 133 148 147 146 145 144 143 159 158 157 156 155 154 153 170 169 168 167 166 165 164 163 181 180 179 178 177 176 175 174 173 192 191 190 189 188 187 186 185 184 183 196 195 194 193 207 206 205 204 203 218 217 216 215 214 213 229 228 227 226 225 224 223 240 239 238 237 236 235 234 233 251 250 249 248 247 246 245 244 243 262 261 260 259 258 257 256 255 254 253

CONTACT
CVEL
   0         0         0         0         0         0       
   0         0         0         0         0         0       
   0         0         0         0         0         0       
   0         0         0         0         0         0       
   0         0         0         0         0         0       
   0         0         0         0         0         0       
   0         0         0         0         0         0       
   0         0         0         0         0         0       
   0         0         0         0         0         0       
   0         0         0         0         0         0       
   0         0         0         0         0         0       
   0         0         0         0         0         0       
   0         0         0         0         0         0       
   0         0         0         0         0         0       
   0         0         0         0         0         0       
   0         0         0         0         0         0       
   0         0         0         0         0         0       
   0         0         0         0         0         0       
   0         0         0         0         0         0       
   0         0         0         0         0         0       
   0         0         0         0         0         0       
   0         0         0         0         0         0       
   0         0         0         0         0         0       
   0         0         0         0         0         0       
   0         0         0         0         0         0       
   0         0         0         0         0         0       
   0         0         0         0         0         0       
   0         0         0         0         0         0       
   0         0         0         0         0         0       
   0         0         0         0         0         0       

CDOF_DOT
   0         0         0         0         0         0       
   0         0         0         0         0         0       
   0        -0         0         0         0         0       
   0         0         0         0         0         0       
   0         0         0         0         0         0       
   0         0         0         0         0         0       
   0         0         0         0         0         0       
   0         0         0         0         0         0       
   0        -0         0         0         0         0       
   0         0         0         0         0         0       
   0         0         0         0         0         0       
   0         0         0         0         0         0       
   0         0         0         0         0         0       
   0         0         0         0         0         0       
   0         0         0         0         0         0       
   0         0         0         0         0         0       
   0         0        -0         0         0         0       
   0         0        -0         0         0         0       
   0         0         0         0         0         0       
   0         0        -0         0         0         0       
   0         0         0         0         0         0       
   0         0        -0         0         0        -0       
  -0         0         0         0         0         0       
  -0         0         0         0         0         0       
   0         0         0         0         0         0       
  -0         0         0        -0         0         0       
  -0         0         0         0         0         0       
  -0         0         0         0         0         0       
   0         0         0         0         0         0       

QFRC_BIAS
  -1.2     
  -0.068   
   0.0094  
  -0.26    
  -0.15    
   3.5e-18 
  -1.2     
   0.068   
  -0.0094  
  -0.26    
  -0.15    
  -3.5e-18 
   0       
   0.2     
  -4.7     
  -2       
   0.26    
   0.00013 
  -1.8     
   0.058   
  -0.34    
   1.1e-05 
  -2       
  -0.12    
  -0.00012 
  -1.8     
   0.077   
  -0.32    
  -1.7e-06 

QFRC_SPRING
   0       
   0       
   0       
   0       
   0       
   0       
   0       
   0       
   0       
   0       
   0       
   0       
   0       
   0       
   0       
   0       
   0       
   0       
   0       
   0       
   0       
   0       
   0       
   0       
   0       
   0       
   0       
   0       
   0       

QFRC_DAMPER
   0       
   0       
   0       
   0       
   0       
   0       
   0       
   0       
   0       
   0       
   0       
   0       
   0       
   0       
   0       
   0       
   0       
   0       
   0       
   0       
   0       
   0       
   0       
   0       
   0       
   0       
   0       
   0       
   0       

QFRC_GRAVCOMP
   0       
   0       
   0       
   0       
   0       
   0       
   0       
   0       
   0       
   0       
   0       
   0       
   0       
   0       
   0       
   0       
   0       
   0       
   0       
   0       
   0       
   0       
   0       
   0       
   0       
   0       
   0       
   0       
   0       

QFRC_FLUID
   0       
   0       
   0       
   0       
   0       
   0       
   0       
   0       
   0       
   0       
   0       
   0       
   0       
   0       
   0       
   0       
   0       
   0       
   0       
   0       
   0       
   0       
   0       
   0       
   0       
   0       
   0       
   0       
   0       

QFRC_PASSIVE
   0       
   0       
   0       
   0       
   0       
   0       
   0       
   0       
   0       
   0       
   0       
   0       
   0       
   0       
   0       
   0       
   0       
   0       
   0       
   0       
   0       
   0       
   0       
   0       
   0       
   0       
   0       
   0       
   0       

SUBTREE_LINVEL
   0         0         0       
   0         0         0       
   0         0         0       
   0         0         0       
   0         0         0       
   0         0         0       
   0         0         0       
   0         0         0       
   0         0         0       
   0         0         0       
   0         0         0       
   0         0         0       
   0         0         0       
   0         0         0       
   0         0         0       
   0         0         0       
   0         0         0       
   0         0         0       
   0         0         0       
   0         0         0       
   0         0         0       
   0         0         0       
   0         0         0       
   0         0         0       
   0         0         0       
   0         0         0       
   0         0         0       
   0         0         0       
   0         0         0       
   0         0         0       

SUBTREE_ANGMOM
   0         0         0       
   0         0         0       
   0         0         0       
   0         0         0       
   0         0         0       
   0         0         0       
   0         0         0       
   0         0         0       
   0         0         0       
   0         0         0       
   0         0         0       
   0         0         0       
   0         0         0       
   0         0         0       
   0         0         0       
   0         0         0       
   0         0         0       
   0         0         0       
   0         0         0       
   0         0         0       
   0         0         0       
   0         0         0       
   0         0         0       
   0         0         0       
   0         0         0       
   0         0         0       
   0         0         0       
   0         0         0       
   0         0         0       
   0         0         0       

QFRC_ACTUATOR
   0       
   0       
   0       
   0       
   0       
   0       
   0       
   0       
   0       
   0       
   0       
   0       
   0       
   0       
   0       
   0       
   0       
   0       
   0       
   0       
   0       
   0       
   0       
   0       
   0       
   0       
   0       
   0       
   0       

QFRC_SMOOTH
   1.2     
   0.068   
  -0.0094  
   0.26    
   0.15    
  -3.5e-18 
   1.2     
  -0.068   
   0.0094  
   0.26    
   0.15    
   3.5e-18 
   0       
  -0.2     
   4.7     
   2       
  -0.26    
  -0.00013 
   1.8     
  -0.058   
   0.34    
  -1.1e-05 
   2       
   0.12    
   0.00012 
   1.8     
  -0.077   
   0.32    
   1.7e-06 

QACC_SMOOTH
   3.4     
   0.68    
   2.7     
  -11      
   71      
  -4.2     
   3.4     
  -0.68    
  -2.7     
  -11      
   71      
   4.1     
   0.04    
  -0.09    
   1.2     
  -1.2     
  -3.1     
   4.5     
   86      
  -0.53    
  -1.1e+02 
  -11      
  -1.1     
   2.8     
  -3.6     
   87      
  -4.3     
  -1.1e+02 
   0.14    

QFRC_CONSTRAINT
   0       
   0       
   0       
   0       
   0       
   0       
   0       
   0       
   0       
   0       
   0       
   0       
   0       
   0       
   0       
   0       
   0       
   0       
   0       
   0       
   0       
   0       
   0       
   0       
   0       
   0       
   0       
   0       
   0       

QFRC_INVERSE
   0       
   0       
   0       
   0       
   0       
   0       
   0       
   0       
   0       
   0       
   0       
   0       
   0       
   0       
   0       
   0       
   0       
   0       
   0       
   0       
   0       
   0       
   0       
   0       
   0       
   0       
   0       
   0       
   0       

CACC
   0         0         0         0         0         0       
   0         0         0         0         0         0       
   0         0         0         0         0         0       
   0         0         0         0         0         0       
   0         0         0         0         0         0       
   0         0         0         0         0         0       
   0         0         0         0         0         0       
   0         0         0         0         0         0       
   0         0         0         0         0         0       
   0         0         0         0         0         0       
   0         0         0         0         0         0       
   0         0         0         0         0         0       
   0         0         0         0         0         0       
   0         0         0         0         0         0       
   0         0         0         0         0         0       
   0         0         0         0         0         0       
   0         0         0         0         0         0       
   0         0         0         0         0         0       
   0         0         0         0         0         0       
   0         0         0         0         0         0       
   0         0         0         0         0         0       
   0         0         0         0         0         0       
   0         0         0         0         0         0       
   0         0         0         0         0         0       
   0         0         0         0         0         0       
   0         0         0         0         0         0       
   0         0         0         0         0         0       
   0         0         0         0         0         0       
   0         0         0         0         0         0       
   0         0         0         0         0         0       

CFRC_INT
   0         0         0         0         0         0       
   0         0         0         0         0         0       
   0         0         0         0         0         0       
   0         0         0         0         0         0       
   0         0         0         0         0         0       
   0         0         0         0         0         0       
   0         0         0         0         0         0       
   0         0         0         0         0         0       
   0         0         0         0         0         0       
   0         0         0         0         0         0       
   0         0         0         0         0         0       
   0         0         0         0         0         0       
   0         0         0         0         0         0       
   0         0         0         0         0         0       
   0         0         0         0         0         0       
   0         0         0         0         0         0       
   0         0         0         0         0         0       
   0         0         0         0         0         0       
   0         0         0         0         0         0       
   0         0         0         0         0         0       
   0         0         0         0         0         0       
   0         0         0         0         0         0       
   0         0         0         0         0         0       
   0         0         0         0         0         0       
   0         0         0         0         0         0       
   0         0         0         0         0         0       
   0         0         0         0         0         0       
   0         0         0         0         0         0       
   0         0         0         0         0         0       
   0         0         0         0         0         0       

CFRC_EXT
   0         0         0         0         0         0       
   0         0         0         0         0         0       
   0         0         0         0         0         0       
   0         0         0         0         0         0       
   0         0         0         0         0         0       
   0         0         0         0         0         0       
   0         0         0         0         0         0       
   0         0         0         0         0         0       
   0         0         0         0         0         0       
   0         0         0         0         0         0       
   0         0         0         0         0         0       
   0         0         0         0         0         0       
   0         0         0         0         0         0       
   0         0         0         0         0         0       
   0         0         0         0         0         0       
   0         0         0         0         0         0       
   0         0         0         0         0         0       
   0         0         0         0         0         0       
   0         0         0         0         0         0       
   0         0         0         0         0         0       
   0         0         0         0         0         0       
   0         0         0         0         0         0       
   0         0         0         0         0         0       
   0         0         0         0         0         0       
   0         0         0         0         0         0       
   0         0         0         0         0         0       
   0         0         0         0         0         0       
   0         0         0         0         0         0       
   0         0         0         0         0         0       
   0         0         0         0         0         0       

